2024-07-10 18:06:50 INFO Started
2024-07-10 18:06:50 INFO Input file: /home/jorge/data/gaia_sgr/raw/gaia_primary_sample_region_low_bulge_sgrcoords_tf3pmcorr.fits
2024-07-10 18:06:50 INFO Output directory: /home/jorge/data/gaia_sgr/results/e111
2024-07-10 18:06:50 INFO Galactic latitude: -24.0 -1.0
2024-07-10 18:06:50 INFO Galactic longitude: 0.0 10.7
2024-07-10 18:06:50 INFO Space parameters: astrom_corr_tf3
2024-07-10 18:06:50 INFO Sample size: None
2024-07-10 18:06:50 INFO Name: e111
2024-07-10 18:06:50 INFO Number of components: 11
2024-07-10 18:06:50 INFO Maximum number of iterations: 150
2024-07-10 18:06:50 INFO Loading data...
2024-07-10 18:06:53 INFO Mean l and b: [ 4.5671359  -5.66518263]
2024-07-10 18:06:53 INFO Fitting XDGMM...
2024-07-14 14:27:27 INFO Means: 
[[-0.0355348  -0.05817765  0.0156903 ]
 [-0.28171297 -5.59476513  0.04940537]
 [-0.43825005 -3.38908907  0.10846376]
 [-2.71627911 -4.61654405  0.10218662]
 [ 1.92284614 -1.26137276  0.21938859]
 [ 3.20834074 -3.04006477  0.1110458 ]
 [-0.94195633 -5.62150741  0.08121506]
 [-1.28071621 -1.47920646  0.11233893]
 [ 1.17302793 -5.06080681  0.10829808]
 [ 1.66891651 -1.62407896  0.16097607]
 [-0.20366197 -7.10036513  0.0993715 ]]
2024-07-14 14:27:27 INFO Covariances: 
[[[ 2.29486663e-02  6.67529285e-03 -4.22101818e-04]
  [ 6.67529285e-03  1.64288683e-02  3.00857389e-04]
  [-4.22101818e-04  3.00857389e-04  7.76807598e-04]]

 [[ 1.46086796e+01  1.39495291e+00  4.91012045e-03]
  [ 1.39495291e+00  1.38824845e+01 -1.08438793e-01]
  [ 4.91012045e-03 -1.08438793e-01  2.14653230e-02]]

 [[ 2.66594974e+00  7.96928110e-01  1.60598795e-03]
  [ 7.96928110e-01  2.41357938e+00  1.16173285e-02]
  [ 1.60598795e-03  1.16173285e-02  9.23546535e-04]]

 [[ 2.93172542e+00  2.04154322e-01  3.55611352e-03]
  [ 2.04154322e-01  3.16295619e+00  3.29352771e-03]
  [ 3.55611352e-03  3.29352771e-03  7.55052178e-04]]

 [[ 9.35940971e+00 -2.31847713e-01  2.72879552e-02]
  [-2.31847713e-01  7.32661677e+00  1.28259948e-02]
  [ 2.72879552e-02  1.28259948e-02  3.28843291e-03]]

 [[ 2.35400270e+00 -4.71983706e-01 -1.83199231e-03]
  [-4.71983706e-01  3.94728676e+00  5.95612935e-03]
  [-1.83199231e-03  5.95612935e-03  5.27539613e-04]]

 [[ 1.89783906e+00  1.81460844e-01  4.76512368e-04]
  [ 1.81460844e-01  2.18645995e+00 -5.96427172e-03]
  [ 4.76512368e-04 -5.96427172e-03  3.31131459e-03]]

 [[ 5.24540800e+00  1.81875511e+00  4.54242273e-03]
  [ 1.81875511e+00  4.11264805e+00  1.00240752e-03]
  [ 4.54242273e-03  1.00240752e-03  6.89470797e-04]]

 [[ 2.48909458e+00  9.54293646e-02  2.68971987e-03]
  [ 9.54293646e-02  1.96103112e+00  3.45608428e-03]
  [ 2.68971987e-03  3.45608428e-03  7.11673575e-04]]

 [[ 1.75028266e+00  1.14927642e+00  3.02663458e-02]
  [ 1.14927642e+00  3.67083084e+00  5.47173763e-02]
  [ 3.02663458e-02  5.47173763e-02  6.25916557e-03]]

 [[ 4.81839210e+00  5.55475477e-01  5.35270041e-03]
  [ 5.55475477e-01  3.02092682e+00  2.50564520e-03]
  [ 5.35270041e-03  2.50564520e-03  5.05524560e-04]]]
2024-07-14 14:27:27 INFO Weights: 
[0.00710789 0.04707509 0.13768254 0.11583273 0.06021337 0.10572359
 0.11914023 0.09019232 0.1308245  0.09606499 0.09014273]
2024-07-14 14:27:27 INFO Saving XDGMM model...
